3000
98996.29
30681.34
61236.63
4014.41
70151.09
29358.72
31978.11
56045.57
57825.63
75436.18
55808.06
66032.17
2666.70
19293.88
72280.39
16551.33
78166.44
43343.43
73014.47
54218.27
46456.90
1053.03
98201.60
74367.83
53.95
6670.79
15988.37
16486.71
92213.09
25473.17
27609.57
34108.14
55492.70
65882.64
89547.53
25373.46
51754.60
39609.49
16774.81
34188.97
13937.53
48076.46
21015.83
12991.78
52900.50
98666.18
82536.08
83917.01
93128.53
11165.02
50411.56
67057.46
34728.19
76692.34
68223.34
29634.73
70941.09
6900.61
78476.91
61381.82
44275.56
39340.35
93258.60
97246.83
27393.96
10226.81
82067.39
6641.13
17442.38
54151.76
28705.01
45149.54
28372.63
58771.69
75804.15
40326.36
65058.62
40147.71
62616.84
1175.67
59455.17
63090.68
65015.89
22000.85
68330.60
32371.58
69214.89
94662.46
91974.34
12721.47
9797.23
62101.66
42552.65
82382.20
97615.02
15658.74
76392.44
27816.14
5782.23
82014.21
12818.10
33887.03
39361.97
56548.48
10373.31
44163.33
53105.53
44630.66
7423.54
67369.06
71784.66
84778.62
74278.35
96257.01
91521.80
6915.73
32753.30
84657.26
34512.08
44531.50
40971.95
15522.87
92861.38
21218.45
18504.10
98422.38
84889.41
36255.34
43510.60
82648.95
80856.73
59143.09
17948.00
52086.90
24526.95
24392.02
56681.18
40568.45
33888.60
65673.44
73438.44
79905.99
80041.84
63280.99
63519.17
66718.79
42660.70
98371.44
28825.48
69912.66
22158.26
13918.90
34894.12
65424.15
83737.23
71626.41
25063.73
46048.22
32441.18
38958.91
82400.14
99079.72
32874.00
13358.61
18112.71
20276.84
92808.30
29094.53
91802.56
25548.03
85676.52
65246.35
95340.65
90368.97
31213.27
1489.98
42086.16
42024.87
11983.11
71.34
99088.21
75520.54
73700.42
82957.16
61041.33
21584.27
66808.22
45795.53
85423.55
13687.86
51844.92
57605.82
80932.83
37997.66
26605.30
55231.13
69628.67
49117.05
10292.50
86105.13
68878.45
40065.28
77121.73
84924.69
29311.78
43021.39
60467.32
74308.46
2262.30
22522.63
37856.40
52517.66
64348.18
99849.02
62443.77
92489.88
77416.19
33886.25
26186.27
12682.15
48813.39
6666.24
39461.35
26840.47
7812.14
98618.21
76285.43
29288.30
48530.90
58794.63
61361.62
4767.66
30090.70
34381.78
54523.99
84635.02
60723.90
86616.01
55223.38
39357.19
76325.85
8583.50
62929.24
51658.27
20617.01
10075.92
45939.48
4777.34
92829.87
91687.09
84912.11
17883.19
62828.48
58248.76
86859.56
48620.34
61999.90
32253.83
90077.94
39874.14
64734.47
92170.59
11140.10
31687.50
71777.56
65461.71
14929.22
15317.48
40935.56
3997.77
90478.13
65960.76
2471.06
31176.32
80426.88
34600.50
30561.02
39034.29
49393.05
49065.31
40591.92
28320.39
80812.72
19345.36
37524.65
76719.50
24561.71
8678.23
54946.57
87062.77
64002.49
89826.40
12348.87
47478.56
72230.84
83684.76
89827.82
36166.08
43275.44
30347.34
47766.23
7084.71
72761.91
9451.51
51453.72
82588.48
64505.64
46284.13
97354.98
45195.00
92435.23
58953.41
29912.49
39160.61
72315.28
2943.61
73250.62
23229.96
25878.86
46034.82
7284.37
28331.82
72885.91
93434.42
52220.89
76527.13
91548.83
61237.25
14508.79
49171.21
20535.25
35940.00
43634.21
60198.58
57562.06
45506.91
34582.76
32370.87
57229.59
57693.70
57983.93
35909.45
30049.86
48003.71
98427.38
68954.79
23099.12
26957.89
81310.98
93583.95
65451.20
38284.15
41670.20
51010.96
41195.19
67546.12
47645.74
81960.80
15084.24
20898.95
48592.67
96921.03
51808.54
46048.63
39244.65
84758.14
30106.72
3639.40
67433.48
54579.28
13997.58
57375.21
5173.89
57628.97
70158.52
54200.26
43851.89
18782.03
69540.00
58747.03
61372.85
93523.25
45311.36
47981.94
32540.70
11590.20
96483.84
3965.41
46578.34
42143.52
6120.86
73338.20
95049.13
90779.28
27321.50
92443.76
2232.31
18507.58
56915.10
72010.43
79312.36
2866.57
78427.92
38023.51
61195.76
17068.93
77564.84
32292.63
42218.76
70762.74
9372.22
18928.26
27241.43
46743.39
16172.71
14745.95
35171.60
29033.94
73394.69
44558.34
92004.83
25099.78
52018.95
82456.19
41119.44
94434.55
61417.39
42001.99
27449.32
40772.73
67232.27
72723.73
67747.92
39359.39
13208.40
93563.91
28570.61
86269.98
39500.04
77137.41
48397.85
22642.06
45072.02
25428.50
76802.49
19478.20
70118.57
82776.83
30160.87
13751.45
20587.30
10726.17
74673.68
40602.67
9137.70
77254.86
22467.23
6712.55
17865.77
70018.96
8673.40
73819.21
79504.66
34793.15
68423.90
442.58
38449.01
12443.62
39916.18
71214.56
3076.05
99090.39
12176.12
44084.97
36044.20
94799.20
90217.41
84053.31
83960.03
16211.48
66334.24
79492.35
27935.95
19453.04
47292.71
48542.16
48145.03
73454.18
44372.32
65517.44
51647.00
31182.09
77375.25
45797.34
15929.18
21678.48
50269.77
84090.03
1070.81
97114.13
97110.38
34124.54
31159.34
95086.85
24690.14
67240.17
5604.52
95237.69
59882.81
50338.27
35381.03
49011.60
37990.84
11981.86
79093.54
25200.87
51014.93
7886.81
53654.00
62838.29
23194.97
37821.13
59709.32
34585.28
74719.36
8201.23
38092.10
13847.77
39431.08
18207.08
6422.05
35410.35
41806.77
46359.06
56699.19
43300.24
47071.76
35141.26
19191.37
49416.33
40328.20
96080.78
29632.36
30992.95
98568.59
42230.83
73513.44
40465.64
5965.58
63424.05
68072.51
94749.64
57278.06
72413.26
49653.18
21026.22
87728.00
44481.25
96452.70
80571.48
64919.81
7298.00
57493.39
91399.19
46192.01
49138.70
74175.63
69795.95
60531.24
48623.99
23441.59
82813.42
45220.36
18599.82
7208.49
53158.78
39604.16
27033.74
56141.22
65510.58
36338.76
45488.04
17481.75
15808.67
96390.21
30298.56
27825.70
66556.99
23334.70
86270.36
45952.10
16889.95
69425.47
33810.82
58382.54
35381.71
60384.10
75550.79
82075.54
43600.24
89273.55
20608.58
68418.63
11974.08
48445.61
25442.06
4689.93
23639.57
10329.71
11453.16
93303.11
45443.03
61017.77
25665.47
59489.19
34877.39
84279.84
91235.10
88318.79
73969.68
8408.83
27278.47
69324.02
28835.49
38081.77
40380.99
83279.56
79603.82
1438.05
69253.45
42817.32
30667.43
27568.63
46042.71
39848.97
41694.95
66954.31
1098.96
70241.63
51017.00
42667.20
7584.51
72890.13
64381.24
55424.19
14333.36
859.73
49521.12
1428.77
13321.66
97080.13
25788.55
28205.21
44881.23
18916.49
29465.95
34221.90
67438.71
42452.19
93975.30
42811.75
37125.10
61617.19
110.77
61742.20
1119.95
22967.48
14437.04
43372.67
64515.16
6236.33
14053.94
4527.90
371.43
42644.74
30178.99
18208.95
37852.75
91167.54
52780.70
85288.86
49924.64
83392.53
78250.48
55844.21
73557.21
76086.43
84671.40
72231.00
86462.34
72588.83
494.93
18207.26
9439.90
56381.46
3219.01
1849.93
91745.94
73962.48
87475.78
5376.09
55885.46
66997.01
18729.28
83033.85
49869.82
61998.77
13375.06
94625.38
68715.94
8886.24
51040.51
37790.84
50664.27
14307.53
66671.55
48725.63
31606.16
4762.86
49389.88
95633.12
5804.70
59664.70
84632.05
10862.10
59367.75
93715.68
79366.71
16256.30
19607.41
41679.33
4547.11
23215.42
81635.88
54203.79
3070.90
12609.79
32770.92
80835.24
97951.45
70102.52
13104.41
45748.60
96725.11
58856.63
3303.38
19886.30
28966.23
35475.04
28928.59
2821.09
13978.69
39875.06
80184.50
60918.17
51606.65
52912.93
7580.94
12791.44
85706.08
62155.05
39970.32
81243.64
61929.30
45820.86
11160.82
79979.71
19040.62
15752.16
46560.13
36023.69
50229.21
2326.39
99654.09
86331.86
79603.38
94029.61
55583.20
86819.33
72452.56
10101.70
79276.93
7415.26
28353.96
44976.55
20803.66
47175.07
71479.20
50870.57
81624.69
66106.39
50178.22
45417.22
27230.30
59604.73
76659.08
9205.35
14272.14
71790.00
74602.64
46626.65
54100.37
64950.90
29776.24
49230.70
20422.01
32754.05
97310.93
4807.95
7216.43
86505.24
93592.32
6073.84
82953.95
6978.33
84851.33
96363.56
82414.23
35900.96
87420.54
77045.04
95914.63
37220.59
66411.08
70954.41
30816.16
27210.80
31891.95
8009.94
23109.61
3163.12
62534.57
18489.45
52116.36
19697.42
54478.94
27613.80
5090.18
50616.05
3912.82
62784.03
11109.89
23990.92
15460.71
48210.92
80871.34
4626.56
58518.46
19743.93
36294.88
8114.14
74311.38
51409.55
40370.83
12598.19
37751.10
82768.96
97851.40
88520.21
59252.40
55055.92
24864.89
4182.29
91673.82
61897.37
9148.72
62490.94
85144.56
24599.33
40918.16
11547.48
78487.25
35204.70
85396.44
57985.77
66823.60
4313.03
89026.38
66448.48
99542.56
11885.12
53191.94
96942.61
14387.00
2390.16
71490.23
36339.87
64128.10
1031.77
41004.55
63409.41
22027.90
22919.78
12719.43
75430.86
66520.14
4022.36
3787.91
63398.82
43975.65
98778.19
64957.89
47334.57
52038.84
16845.64
24655.65
87430.65
46953.95
54987.66
77644.38
69045.11
41125.18
90959.51
56419.89
49122.22
97121.37
18941.90
56565.01
88088.89
9960.48
5721.49
61101.91
39736.21
46512.24
31173.18
27710.81
35520.90
99792.31
9340.70
89112.02
5673.96
62170.48
99246.98
44011.92
8406.17
82581.30
43862.16
91279.90
41313.35
53411.40
85470.52
3096.16
37153.54
39550.08
18219.31
11952.68
88726.12
19854.53
95068.54
16951.04
96180.15
99851.56
5130.36
25893.97
99964.51
3435.79
45252.57
59876.22
39559.15
70604.98
57918.06
28833.51
4843.18
99394.74
27476.20
92493.54
38980.76
49589.12
44332.26
92214.89
55733.05
5313.65
6525.87
80362.77
57129.37
73345.55
18677.59
14295.90
71233.02
13387.67
6621.37
85398.49
92490.67
90623.97
17057.52
85728.01
30644.78
46803.25
22189.09
31955.67
78936.66
88426.63
86349.40
74391.41
96357.81
85649.00
2688.36
83216.92
26813.93
61791.27
25840.83
6776.20
87595.05
10054.40
84245.39
12205.87
43985.69
67570.27
53588.56
62878.88
5299.05
61131.63
39323.10
3373.01
90189.12
8501.98
92800.42
96700.54
45963.21
3675.65
76584.85
61551.39
94161.05
64823.24
84116.84
51770.29
3181.26
67481.22
56866.66
57890.37
63437.68
97117.47
53349.88
51516.36
35444.10
9069.84
36781.46
86057.21
63512.18
49206.64
15925.51
60019.22
42959.67
23119.64
71871.46
43710.90
49056.81
97820.16
63373.97
26283.11
40178.76
84472.88
35658.82
17854.88
86967.23
58192.74
45377.86
65704.09
88600.59
10118.95
69209.48
3699.70
80877.87
14303.73
2773.94
21608.11
67513.63
1625.78
24556.75
25252.26
14740.08
36570.30
37056.24
4182.48
95006.29
70687.56
45894.91
55717.11
37434.25
57420.87
72515.75
72143.92
22896.85
27439.79
80581.04
25477.00
91867.98
25117.69
52990.59
12790.80
74950.30
89772.81
11576.03
58367.34
79914.93
30211.09
57744.76
16199.32
61990.08
67305.27
99655.03
2103.56
54554.05
89874.89
27329.05
19356.16
19004.84
14412.30
27454.37
25532.31
21477.86
78363.10
48676.65
8540.56
41196.33
86757.51
33454.30
66345.19
63563.08
4636.62
27707.34
77340.46
61029.03
14936.03
29896.31
67307.76
41475.23
74274.50
31593.20
86854.83
69062.16
27768.31
1911.59
28026.88
47798.95
57021.77
64828.93
79747.25
12003.61
44613.16
13443.19
39740.60
20188.11
1603.21
45092.89
76132.80
64011.86
47328.95
57720.14
2345.61
22675.74
11230.79
55869.00
90249.55
24156.53
98796.24
68419.88
32993.36
19483.23
54655.88
1349.24
76609.09
69016.43
59178.93
20273.21
31800.19
65728.40
97194.98
56039.66
58507.44
34597.08
73148.34
4128.03
79870.50
83427.54
66691.71
87521.33
70917.09
3555.36
54950.71
56573.45
30021.66
74056.01
59360.56
72974.36
80140.13
15148.13
94697.16
75124.16
11700.03
42398.78
96216.39
8902.74
28418.77
34309.32
36690.84
62958.10
36716.29
90727.87
63371.73
88625.75
32957.33
13904.60
94684.06
55015.35
42946.29
98317.36
19906.18
63117.76
20262.48
51522.90
45393.64
30840.35
33710.85
78300.55
97323.69
19231.68
26920.86
58880.61
6446.70
49737.56
39157.29
16555.53
48818.21
87572.11
24500.05
72419.20
49415.91
33211.68
88770.02
57712.88
80428.00
53319.61
42642.70
95843.92
48778.59
21743.75
47173.77
49633.45
89442.52
60488.84
35993.16
36988.44
64640.42
11593.06
44520.53
56601.47
924.91
44923.24
24870.65
1032.04
45494.53
26638.47
12801.24
50500.46
61283.53
92316.06
56016.46
68710.43
16135.94
96713.22
59117.51
87950.84
89776.96
81354.37
22978.87
5846.56
63057.29
3880.08
12512.79
2379.33
89347.92
70550.19
37025.19
82376.53
2364.98
48161.92
57379.20
72250.57
15396.03
61132.92
61020.93
78736.86
30384.37
70127.73
36689.42
39148.72
72457.20
88216.69
57940.39
4136.09
15320.69
94773.16
52442.40
99489.51
20218.26
8297.22
51419.07
341.82
44987.83
10536.77
91465.47
60184.11
14288.76
51207.82
49868.71
43400.19
26975.32
74137.71
32542.44
40823.25
16430.12
40964.87
96551.10
34328.70
62473.64
94388.68
90539.58
98714.36
92226.42
49403.60
26265.26
40268.38
90662.34
61909.65
15474.51
80045.97
32693.05
72162.21
30321.34
10680.73
11000.05
77849.03
8613.87
73332.17
93742.26
26188.22
45349.41
87541.10
3281.08
45111.99
97289.43
43455.87
62846.29
57613.64
12486.27
56678.55
96466.07
5298.63
54122.33
34080.04
83246.45
23130.97
62164.16
92953.15
63542.26
54722.78
25814.58
65627.24
97090.79
4858.23
52259.26
21334.65
71529.94
3688.11
86092.84
62371.09
70833.55
99529.76
96678.75
79708.69
64035.02
36519.43
82002.70
19368.26
22301.05
13689.54
80182.64
29629.12
76683.43
18395.32
70218.52
62652.99
8775.06
82483.89
6718.76
22142.75
53200.62
42865.26
36446.93
63622.49
3199.95
81481.42
58157.19
47901.09
73650.56
44896.24
71072.72
19154.58
30976.64
24309.13
63520.93
96207.76
63892.64
43664.94
76657.56
83586.51
38476.43
73328.33
29260.81
86351.70
13099.85
69104.18
34012.04
40375.84
96696.44
77053.59
39758.60
22843.99
38869.83
85189.09
72979.45
65680.00
83711.20
34187.15
83471.04
97774.77
617.59
79758.23
96598.70
34345.64
47254.08
99347.18
28079.89
38659.70
53524.31
83004.27
52828.84
94380.48
52770.44
12722.12
20618.75
39401.32
18031.65
57919.61
54874.19
70525.67
24983.28
94060.15
68922.58
81881.43
81140.65
30904.69
15146.03
59405.71
31776.08
60620.66
51358.89
88912.73
56243.83
90130.88
29641.54
85408.00
52282.43
10798.27
86481.31
91336.50
92607.75
58406.43
36822.80
80766.44
41584.27
6752.34
86615.72
50401.55
98925.92
47886.85
34237.22
25034.27
50903.58
36428.96
61523.85
31423.84
40484.16
17199.93
79260.26
27162.37
18005.90
25115.13
9959.64
91724.03
5767.81
39617.47
50751.29
76969.07
19206.06
96224.80
50246.19
87718.86
90867.63
12208.36
85989.04
17725.46
11792.25
92271.90
13785.52
93188.74
23073.86
2421.97
6069.60
11805.21
10100.10
52427.79
53879.26
48735.64
99833.97
9519.00
85790.46
80218.81
37572.88
87374.82
8657.58
7951.19
35611.20
17513.92
56522.35
71173.90
19722.09
69195.12
62392.39
28871.16
37646.62
26716.40
22483.88
86505.25
93791.89
60287.43
50889.66
2556.70
70415.89
79822.82
82051.94
46951.24
9478.89
11713.88
75217.61
82338.08
56027.40
52543.23
94087.85
34565.73
46201.24
4313.69
208.70
7640.18
8426.92
31193.61
71020.75
45828.03
31734.65
64297.63
50194.89
25549.59
11896.42
43144.18
24291.07
60040.94
8012.05
58556.02
50959.40
74599.32
90801.94
8211.33
7748.22
24250.24
73802.97
6441.85
68211.05
23171.98
51474.76
36258.97
4536.71
48551.99
13356.55
83546.77
70481.72
86342.29
54921.88
72021.80
70405.69
8424.55
91337.83
14834.64
25724.75
55937.83
47141.10
538.52
50841.51
93325.77
26197.46
718.49
75711.32
80137.30
67530.94
92486.54
21222.86
92567.38
79972.91
4734.93
80048.77
79708.40
59116.93
78173.36
59618.23
3625.36
31369.06
19736.86
17345.81
31041.04
6822.00
57379.52
77513.02
61404.78
30151.57
57369.63
11427.29
58541.26
2927.67
5325.05
98052.00
59960.43
55013.60
13508.97
45234.82
61607.80
42376.56
22852.40
80335.36
96478.67
16980.79
96139.58
17911.05
30959.63
38431.43
16964.53
22801.29
21198.81
88400.37
44978.96
61367.74
7531.02
73864.13
34504.33
14216.19
31569.13
82424.06
1244.75
20501.75
72884.39
67926.71
44261.78
7661.04
59038.87
66257.08
82728.71
21358.04
64650.03
73094.10
92547.76
50227.63
75722.21
63250.86
57160.12
90209.93
58359.47
47621.11
68055.43
7620.51
77829.34
77715.76
68803.25
76280.39
44475.51
99828.35
15039.07
61611.99
12769.27
13180.30
21284.78
33360.23
85344.25
80749.17
51302.66
43882.55
34094.44
25278.49
55536.85
7874.10
40012.91
96912.68
11351.82
89979.94
92769.34
74300.57
69603.78
30706.05
76524.13
41051.53
53120.60
97848.92
46790.01
99766.02
67477.98
2361.47
89272.40
1292.32
20003.72
2478.38
54055.01
2623.40
91522.15
12822.30
4322.01
39993.92
77766.64
23965.58
89469.87
20094.73
32063.20
86215.94
31232.67
27440.26
88425.41
65802.05
35082.41
30144.92
45592.64
75583.26
27769.14
15878.52
70363.60
1056.94
64047.20
41240.81
34311.17
67825.70
46586.89
85809.05
92682.69
17995.60
52060.80
85849.56
73521.25
71645.76
50293.98
90910.96
40528.72
66246.08
97887.86
1339.02
4832.03
11873.37
55764.73
37852.69
90089.85
40027.28
38436.00
93801.47
21343.94
27570.52
77800.55
93885.70
36971.35
77459.63
63994.93
62827.91
48660.67
39915.31
56540.12
69723.28
39111.27
43178.77
5514.82
87569.83
86143.80
18873.28
3292.37
34780.14
49816.19
60636.61
19468.39
5228.71
78887.33
59430.20
43447.02
14045.88
69109.01
15176.97
79315.33
52811.33
99976.73
8947.63
82877.64
24471.20
87508.31
52215.46
85295.93
68706.23
45556.96
75785.97
34761.42
35196.14
41553.25
85516.15
69925.38
35943.37
139.82
49875.20
52427.77
53594.38
60760.15
95800.24
14654.20
93063.02
10104.43
25148.85
76699.13
82268.41
85129.78
76135.58
10757.98
9383.75
12749.08
73718.58
88108.08
32554.81
48657.19
81316.93
93658.95
25994.41
87978.52
55042.09
92399.03
50414.85
22349.19
22893.86
77172.59
39675.35
23613.60
73800.66
67705.24
21928.64
54629.78
62646.80
4817.40
66043.98
1224.04
72440.41
5986.08
7993.27
42809.76
3588.33
9041.22
55744.63
61.89
40230.91
60958.15
23552.10
40174.42
11486.51
53707.94
69301.69
53431.95
30766.81
97693.92
41726.66
99910.49
95627.04
3669.80
78375.65
59616.87
80775.49
93642.79
54438.18
42420.65
63814.70
33581.60
5918.02
64085.66
87618.30
772.58
84704.19
23387.41
72116.75
66193.77
18735.37
85367.54
72218.68
79389.13
93175.02
92638.16
69556.78
40765.55
46645.92
77945.36
27625.14
95721.75
95444.52
36108.72
79237.36
42371.88
44267.83
9404.62
63438.51
11006.15
80308.72
48721.13
55968.22
57809.35
1753.52
71433.14
76838.73
28608.43
21938.64
22805.93
99253.54
54222.86
23538.81
16728.45
55019.90
19517.14
24575.22
35696.94
58413.46
55083.15
82514.18
15805.29
39570.77
65956.64
33186.57
66599.23
33191.09
42577.62
2038.38
59045.49
77519.09
63386.29
33299.97
72520.50
51971.32
82028.36
50605.12
20196.63
44745.15
31776.69
70794.15
37329.70
271.05
55550.32
34262.79
54687.85
38704.62
8527.89
28196.21
93776.74
5687.03
81949.80
30259.84
77109.27
75545.84
98865.58
33836.70
93487.98
52405.97
87150.47
37905.04
70086.02
35772.32
25303.07
68769.93
16241.84
76585.34
69743.25
74763.90
56913.98
53209.93
99237.68
87761.59
9081.01
24565.80
77438.36
6491.86
8741.98
26466.53
22944.13
22072.19
67363.24
73973.83
78117.52
21203.69
70368.28
79695.52
42588.68
87957.69
4971.72
59750.50
26595.19
85408.31
57471.31
20351.81
52809.92
76373.97
17286.15
28346.96
27403.35
68073.73
15101.34
8142.35
48493.10
23456.24
28950.39
69196.13
79301.26
16262.45
22945.22
40326.42
66100.31
47827.32
33685.22
47508.23
70774.47
6558.38
26654.30
78894.67
82682.22
39996.03
13341.40
28981.58
93461.91
14269.38
25540.86
65197.39
72535.67
7010.78
30238.14
12360.55
43775.64
37264.15
98573.40
23111.66
37631.23
68107.33
79888.92
93162.37
79887.70
72631.45
16808.07
93189.74
39916.99
84895.83
44283.50
72754.12
78471.74
74492.69
98597.82
33492.81
13628.97
62100.35
20611.42
16193.14
58094.25
90013.89
63442.36
75737.26
16200.68
84780.47
5344.34
22353.26
91287.72
72749.39
99025.48
21251.47
73411.68
30138.64
40125.28
85504.02
66007.77
92565.74
52348.96
28957.90
95503.55
28202.77
3875.76
39829.29
10940.84
82720.70
86775.02
27691.34
8413.10
99014.19
31536.36
31658.20
79325.97
31602.39
41285.53
85851.58
7546.39
32179.71
44432.22
72359.50
46093.37
91308.64
24356.86
65695.60
45956.40
89238.47
31046.62
530.25
11932.07
42277.79
62894.35
65392.00
43291.21
95435.08
77342.21
90513.31
57245.30
21826.62
39949.75
35488.74
59217.16
62775.86
73902.68
82411.87
96315.18
69288.11
25325.37
43547.36
533.76
70846.63
19285.60
33078.24
45990.08
55224.28
54502.00
15099.69
80442.48
96799.52
9539.39
28538.47
46112.75
17053.09
11252.28
17052.81
6557.24
7533.70
18924.46
63319.56
11858.73
9703.68
89793.46
58760.03
79879.60
36491.76
16983.32
38610.15
20872.18
98801.05
49237.32
31655.07
26721.81
13513.16
15672.93
14854.87
65836.85
19904.73
38748.80
51051.54
23231.18
46477.87
53493.22
60492.38
95479.04
16254.78
94012.83
73650.77
48461.93
99689.00
72939.37
91976.74
53062.49
21326.22
29734.91
54657.65
31107.44
22740.95
7133.01
84575.54
61140.02
80314.36
43472.63
44507.93
44763.57
41305.68
24546.32
50019.85
83663.56
33406.35
60602.47
45736.83
98824.40
41730.52
64884.23
9190.43
63494.13
45905.87
39945.14
58044.47
53342.15
21431.14
93252.26
90767.51
29478.71
48697.29
55292.55
1822.69
33920.55
2739.24
38459.08
81688.85
44584.77
36307.03
12178.89
90599.43
4580.47
83910.61
85546.47
79575.42
24092.13
16479.03
63006.00
41821.16
88224.39
87350.19
94616.82
24883.71
20569.52
11989.74
11531.37
7651.83
4277.11
85419.22
40845.49
90189.34
12190.55
86559.97
13488.89
7770.39
96874.64
72049.37
33679.01
43102.11
17219.31
4878.70
96299.41
4117.42
1448.84
50702.35
54358.97
11138.80
9822.19
81505.05
55312.56
38190.65
70209.60
12760.80
70748.99
78232.15
47662.13
57458.38
3072.23
34966.60
83616.53
42998.63
77918.31
72992.91
91916.07
33399.28
41675.31
36969.54
47029.92
31920.85
93774.68
71082.74
87619.52
21327.75
55550.97
45205.62
70823.23
26066.11
93142.34
43347.56
42511.06
83469.42
70596.92
22494.48
64716.38
88150.58
46837.01
89583.64
32212.92
2464.09
13960.79
38973.86
33689.98
27535.20
84119.57
97659.42
61848.26
83727.38
6050.18
85310.21
8730.80
38520.18
8730.77
38062.34
13770.16
35150.99
82737.45
68267.60
73625.05
16157.56
60039.11
77317.81
80504.70
42446.28
94646.93
30973.53
72178.47
3467.88
84717.16
41228.91
34373.26
11413.35
24102.37
88483.84
47898.69
33350.23
17363.75
32587.14
92030.26
52641.03
37770.97
16678.65
18121.19
62910.07
29535.87
9409.94
52861.82
48619.69
51159.59
39263.47
1146.16
63576.42
28833.93
11801.61
49642.18
36168.16
78325.84
22331.54
26201.68
71700.53
70834.66
18167.48
40767.43
78222.97
93459.18
68418.60
11409.02
51417.31
70737.80
90150.40
57845.03
1476.46
14831.87
79270.56
242.53
76190.68
36815.47
57627.13
39179.40
88173.46
31305.05
43964.84
16984.15
52599.79
44668.49
43314.47
86348.13
53091.94
16267.37
5764.64
86354.33
57180.31
29388.34
29868.24
95513.87
1607.72
20878.75
9150.51
92588.80
40016.42
55986.89
71730.50
74512.40
29830.11
54685.28
95438.10
28173.70
15293.52
38252.43
8568.45
9880.02
53508.02
9295.01
21225.45
36128.95
19301.72
3958.27
26683.06
62151.84
85948.03
28507.21
20632.32
67420.24
32027.86
92300.16
88872.74
84157.51
35189.20
24840.17
88789.13
78876.55
78256.02
48881.74
55321.32
85475.09
79844.67
49319.19
7581.65
24873.00
40589.64
90090.93
58178.97
14028.04
69225.24
68594.91
74624.25
9841.40
4464.09
27909.18
69613.69
97228.49
19196.23
31052.41
97842.54
39636.06
63293.44
72769.68
39945.26
59918.10
43488.63
13345.28
94093.84
35244.14
48307.92
11178.41
75505.76
25382.25
99399.84
13136.59
86738.55
14792.71
21148.03
35022.46
22405.17
63761.98
47526.25
73617.40
87578.14
25717.71
37479.47
17487.33
9502.84
14174.75
34973.75
3745.04
42816.39
15129.74
85597.83
42796.56
81742.07
38898.51
67281.69
3422.39
20119.23
43862.49
96860.89
40910.07
75566.66
48879.60
19413.16
76949.31
87065.90
16648.91
18219.68
18230.21
95185.99
90883.46
78339.36
49552.17
23343.51
34338.22
22519.76
89541.09
17136.34
10452.14
69124.60
77180.33
69849.00
52182.45
30443.13
57754.48
79558.34
37088.22
41634.91
57993.66
99373.34
67754.36
47444.68
2677.77
5305.55
70352.53
14925.53
53446.90
82105.18
41683.69
77725.22
27842.12
42519.47
24667.30
83294.15
24793.80
9341.45
1710.91
55205.31
35618.15
34229.35
92710.71
88904.33
15004.48
80283.37
22634.02
9937.23
15055.75
41946.28
91110.33
91337.07
2090.18
29590.54
28231.17
81266.28
42369.11
97702.50
85872.73
62892.51
34451.23
21799.57
85354.31
49910.66
48516.93
23998.07
35640.87
16178.09
5077.90
44322.35
25662.71
13217.35
44012.55
18933.42
14060.13
8581.04
21572.35
66524.39
75412.93
65183.79
44026.82
58749.03
94964.41
66863.74
78914.75
20213.17
22800.40
6313.84
16681.10
59216.68
54681.83
37522.19
35387.66
60348.75
81411.18
77734.87
90005.27
18643.57
42503.71
59892.62
15229.70
65578.08
70863.33
25.29
25076.72
64502.54
94106.51
48075.21
72.46
17870.71
53058.30
50913.16
97408.77
49134.39
1735.54
69182.68
53229.54
28867.92
83168.83
18480.69
4957.14
14666.96
7605.71
29183.24
82725.12
61035.52
23994.14
69512.75
790.95
93468.55
25897.67
62166.92
39468.39
45232.31
19394.72
67008.65
14426.08
59118.81
9830.24
16817.49
51593.10
25287.67
9935.46
85358.59
21809.17
46715.26
43411.48
16807.82
88958.02
17434.94
29098.12
52157.17
5508.85
87239.69
37468.70
36445.41
37926.17
25180.13
2527.05
72179.05
13230.50
64954.09
83307.82
54547.82
85265.29
53791.39
71938.11
63746.52
87686.87
53282.15
13078.60
12012.78
98813.77
63021.64
4722.21
66142.36
54651.77
32253.35
82092.69
31868.90
20624.23
31440.99
28727.77
27629.69
72155.64
19791.09
28806.34
48155.75
53765.90
43473.35
56535.49
92036.39
55564.83
78069.06
6710.31
80141.11
31572.55
39899.35
88453.32
34866.88
7723.21
3964.82
36734.33
93913.59
5746.61
83202.26
80417.92
83914.71
54603.23
16402.88
83213.05
61783.07
88002.03
50097.64
91100.02
18065.95
34383.36
81120.34
89500.46
34290.32
17359.32
58126.28
28360.09
48045.13
94550.84
15905.19
18526.55
75726.94
42733.12
15475.17
91180.55
71504.25
71854.10
51864.02
78629.39
24234.44
8224.52
29446.56
8328.75
81325.32
34593.86
19021.95
1939.01
89022.73
4980.17
1754.49
87684.60
15055.81
43059.97
8937.58
13974.42
68003.95
42368.43
86123.38
75715.17
44818.32
61581.05
92671.82
35238.14
47400.97
68168.32
4965.64
57501.33
24854.44
28555.43
31092.77
76225.19
16728.30
52576.51
53419.68
24593.63
45125.75
28481.94
96025.18
95185.00
74240.69
63232.87
54834.52
3837.97
4807.87
5810.03
49164.71
11315.92
86645.13
44681.38
60012.55
30933.80
4373.94
12850.10
71587.56
72097.22
37922.98
71441.94
24612.33
59355.26
83829.67
25271.84
43846.74
32099.51
96459.86
880.00
90106.71
23431.85
19051.34
95926.14
30596.08
28388.07
18376.27
50005.75
46666.23
19259.58
95796.29
48306.93
94617.81
41546.05
64520.48
95720.69
77662.23
69100.28
68384.80
43407.14
43827.70
12237.36
73366.01
62482.95
50945.02
32992.26
897.95
91870.37
65390.62
20140.81
6657.75
96799.16
3423.08
31757.04
40553.46
81974.99
53656.24
448.69
41189.67
74757.47
48783.29
821.38
4985.17
85808.91
90375.48
40655.66
99611.82
75790.67
13739.66
22477.63
81541.12
61592.43
83948.28
18780.36
41475.42
77392.53
36247.99
20015.19
95274.72
82235.69
35251.42
70601.98
7502.15
88709.85
46478.67
66974.92
47486.24
1207.05
86972.03
38856.00
52745.14
87517.82
12050.27
28928.06
93959.29
73741.18
67968.74
50640.12
8575.24
24119.97
84293.99
29062.03
45471.11
32940.01
22752.71
4812.23
79182.24
15928.55
11211.50
31631.91
37532.12
2384.38
74210.81
61094.58
16654.82
17487.00
4073.68
66411.11
71561.74
38148.52
62183.80
23142.19
50747.57
14342.47
53825.34
42436.60
31890.54
84285.09
79458.63
61189.42
10524.66
87885.95
99238.93
8647.82
43976.23
8489.14
77045.42
2418.34
45122.53
74433.82
9214.04
60390.45
82294.64
25968.02
44589.66
18422.86
32959.65
52760.96
53494.63
84318.98
49121.26
81097.67
8474.46
30228.35
47808.79
22318.60
8683.40
41954.67
32114.90
55050.93
40938.04
45557.35
82440.73
81342.68
26401.60
31760.43
97498.12
50921.52
37980.53
38808.57
55609.08
21797.19
45410.87
20501.32
65634.04
11319.78
51491.29
14178.82
3470.13
22466.86
596.24
21084.34
64459.67
73595.30
16223.17
62900.54
69425.58
35647.66
30301.42
75950.83
5570.06
16021.41
71796.57
84971.67
18822.60
51475.03
40841.31
19911.67
55468.14
53008.79
18764.27
71085.32
30965.09
